20.00
30.00
40.00
50.00
60.00
70.00
80.00
90.00
100.00
200.00
300.00
400.00
500.00
600.00
700.00
800.00
900.00
1000.00
2000.00
3000.00
4000.00
5000.00
6000.00
7000.00
8000.00
9000.00
10000.00
20000.00
30000.00
40000.00
50000.00
60000.00
70000.00
80000.00
90000.00
100000.00
110000.00
120000.00
130000.00
140000.00
150000.00
160000.00
170000.00
180000.00
190000.00
200000.00
210000.00
220000.00
230000.00
240000.00
250000.00
260000.00
270000.00
280000.00
290000.00
300000.00
310000.00
320000.00
330000.00
340000.00
350000.00
360000.00
370000.00
380000.00
390000.00
400000.00
410000.00
420000.00
430000.00
440000.00
450000.00
460000.00
470000.00
480000.00
490000.00
500000.00
510000.00
520000.00
530000.00
540000.00
550000.00
560000.00
570000.00
580000.00
590000.00
600000.00
610000.00
620000.00
630000.00
640000.00
650000.00
660000.00
670000.00
680000.00
690000.00
700000.00
710000.00
720000.00
730000.00
740000.00
750000.00
760000.00
770000.00
780000.00
790000.00
800000.00
810000.00
820000.00
830000.00
840000.00
850000.00
860000.00
870000.00
880000.00
890000.00
900000.00
910000.00
920000.00
930000.00
940000.00
950000.00
960000.00
970000.00
980000.00
990000.00
1000000.00
1010000.00
